-Grafo de uma amostra dos postes elétricos e ligações do campus básico da ufpa
direcionado = False
vertices 1,2,3,4,5,6,7,8,9,10,11,12,13,14,15,16,17,18,19,20,21,22,23,24,25,26,
		 27,28,29,30,31,32,33,34,35,36,37,38,39,40,41,42,43,44,45,46,47,48,49,
		 50,51,52,53,54,55,56,57,58,59,60,61,62,63,64,65,66,67,68,69,70,71,72,
		 73,74,75,76,77,78,79,80,81,82,83,84,85,86,87,88,89,90,91,92,93,94,95,
		 96,97,98,99,100,101,102,103,104,105,106,107,108,109,110,111,112,113,114,
		 115,116,117,118,119,120,121,122,123,124,125,126, IG, ICB, ILC, GINASIO, IFCH,
		 ICEN, CTIC, HANGAR, REITORIA, PREFEITURA, BC, VADIAO, MIRANTE, RU, FONTE A, FONTE B;
arestas
	1: 2 (12), 59 (20), FONTE A (79);
	2: 3 (20), 5 (20);
	3: 4 (12);
	4: 6 (12), 61 (20);
	5: GINASIO (23), 6 (28);
	6: 106 (10), 105 (26);
	7: 106 (12), 8 (15); 
	8: 9 (24), 10 (29), 11 (15);
	11: 12 (25), ILC (28);
	12: 13 (27);
	13: 14 (25);
	14: 15 (25), 109 (30), IG (14);
	15: 16 (25), 116 (48);
	16: 17 (25), 115 (64);
	17: 18 (25);
	18: 19 (28);
	19: 20 (25);
	20: 21 (25);
	21: 22 (27), 114 (30);
	22: 23 (23);
	23: 24 (25);
	24: 25 (27), 118 (27);
	25: 26 (27), 120 (49);
	26: 27 (30), 121 (40);
	27: 28 (15), 34 (29);
	28: 19 (37);
	29: 30 (25), PREFEITURA (25);
	30: 31 (71);
	31: 32 (28);
	32: 33 (25);
	33: 34 (26), PREFEITURA (47);
	34: 35 (25);
	35: 36 (24), 125 (40);
	36: 37 (23);
	37: 38 (40), 125 (75);
	38: 39 (34), RU (30);
	39: 40 (44);
	40: 41 (35);
	41: 42 (47);
	42: 43 (20), MIRANTE (20);
	43: 44 (22);
	44: 45 (19);
	45: 46 (25);
	46: 47 (25), 48 (25);
	47: 49 (28), VADIAO (25);
	48: VADIAO (24);
	49: 50 (30);
	50: 51 (24), FONTE B (54);
	51: 52 (25), REITORIA (55);
	52: 53 (25), 54 (30);
	53: 54 (13);
	54: 55 (22), 70 (9);
	55: 56 (36);
	56: 57 (3), 58 (16);
	58: 59 (11), 65 (50);
	60: 61 (2);
	61: 62 (23), IFCH (47);
	62: 63 (10);
	63: 64 (9), ICEN (39);
	64: 65 (11);
	65: 66 (15);
	66: 67 (10);
	67: 68 (12);
	68: 69 (24);
	69: 70 (6);
	71: REITORIA(25), 72(15);
	72: 73(24), 74(25);
	73: 45(24);
	74: 75(15);
	75: 76(13);
	76: 77(12);
	77: 78(20), 95(15), 81(45);
	78: 79(14), 97(48), 96(40);
	79: 80(12);
	80: 67(15);
	81: 82(30), BC(35);
	82: 83(26);
	83: 84(75), 43(23);
	84: 89(29), 85(20);
	85: MIRANTE(25), 86(20);
	86: 41(18), 87(33);
	87: 38(46), 88(83);
	88: 126(25), 89(30);
	89: 91(15), 90(24);
	90: BC(23);
	91: 92(15);
	92: 93(25);
	93: 94(10), 96(50), 124(50);
	94: 95(9);
	96: 97(14);
	97: 98(49), 121(79);
	98: 99(12), 100(27), 119(61);
	99: ICEN(52), 100(24);
	100: 101(40);
	101: 104(30), 102(16), 111(23), 117(85);
	102: 103(25), 110(26);
	103: 104(14), 107(10);
	104: 105(24), IFCH(15);
	105: ILC(22), IFCH(116);
	106: ILC(28), GINASIO(12);
	107: ILC(18), 108(6), 109(65);
	109: 116(13), 110(19);
	110: 111(29), ICB(27);
	111: 112(14);
	112: 113(13);
	113: 114(16), ICB(26);
	114: 117(63);
	115: ICB(24), 116(11);
	117: 118(32);
	118: 119(14);
	119: 120(21);
	120: 121(23);
	121: 122(11);
	122: 123(32), 124(40);
	123: 124(30), 125(48);
	124: 126(40);
	125: 126(30);
	IFCH: ICEN(39);
	ICEN: CTIC(37);
	CTIC: 66(37);
	HANGAR: 66(18);
	REITORIA: 69(37);